threads speedup serialTime  threadTime  view
2       1.99    438.414     219.909     1
3       1.65    439.038     265.682     1
4       2.41    436.849     180.933     1
5       2.47    437.233     177.372     1
6       3.21    437.839     136.471     1
7       3.42    438.104     128.047     1
8       3.97    436.614     109.872     1

2       1.67    269.758     161.705     2
3       2.21    270.195     122.457     2
4       2.67    270.125     101.357     2
5       3.02    269.785     89.452      2
6       3.45    269.030     77.887      2
7       3.83    273.071     71.252      2
8       4.29    272.751     63.597      2


improved
8   7.17    1
8   7.21    2

16  6.54    1
16  7.04    2 